U (V)	F (N)	pos(deg)	elongation (mm)	t (s)
3.2	7.0	0.0	0.0	0.0
3.19	19.0	0.52734375	0.20708740636456158	0.41562771797180176
3.18	9.0	0.966796875	0.37966024500169615	0.9904308319091797
3.17	18.0	1.669921875	0.6557767868211116	1.563697338104248
3.16	7.0	2.28515625	0.8973787609131001	2.1407837867736816
3.15	14.0	2.900390625	1.1389807350050885	2.7302234172821045
3.14	11.0	3.076171875	1.2080098704599425	3.2897226810455322
3.13	15.0	4.04296875	1.5876701154616386	3.8649890422821045
3.12	10.0	4.482421875	1.7602429540987734	4.4428253173828125
3.11	18.0	5.009765625	1.9673303604633348	5.015406608581543
3.09	13.0	5.80078125	2.277961470010177	5.5923988819122314
3.08	0.0	6.416015625	2.519563444102166	6.167308807373047
3.07	16.0	7.20703125	2.830194553649008	6.740455150604248
3.06	3.0	7.470703125	2.9337382568312886	7.31938910484314
3.05	0.0	8.0859375	3.175340230923277	7.893422365188599
3.05	3.0	8.876953125	3.48597134047012	8.46902346611023
3.04	14.0	8.7890625	3.451456772742693	9.039963006973267
3.04	19.0	9.580078125	3.762087882289535	9.631097078323364
3.03	16.0	10.283203125	4.038204424108951	10.206117868423462
3.01	11.0	10.546875	4.1417481272912315	11.78746247291565
3.01	10.0	11.07421875	4.348835533655793	11.93135142326355
3.01	10.0	10.986328125	4.314320965928366	12.522554159164429
3.01	12.0	12.568359375	4.93558318502205	13.081537246704102
3.0	0.0	12.65625	4.970097752749477	13.675803184509277
3.0	19.0	13.447265625	5.2807288622963195	14.23117446899414
3.0	11.0	14.150390625	5.556845404115735	14.808460235595703
2.99	16.0	14.150390625	5.556845404115735	15.396595239639282
2.99	1.0	14.23828125	5.591359971843162	15.973466873168945
2.99	18.0	15.1171875	5.936505649117431	16.54701828956604
2.98	9.0	15.732421875	6.17810762320942	17.12368416786194
2.98	9.0	16.5234375	6.4887387327562625	17.698487043380737
2.98	16.0	16.5234375	6.4887387327562625	18.28798747062683
2.97	17.0	17.138671875	6.730340706848251	18.86285972595215
2.97	3.0	17.2265625	6.764855274575678	19.426773071289062
2.96	15.0	17.314453125	6.799369842303104	20.01341462135315
2.96	18.0	17.2265625	6.764855274575678	20.574918746948242
2.96	3.0	17.314453125	6.799369842303104	21.149578094482422
2.97	5.0	18.80859375	7.386117493669363	21.727428913116455
2.98	18.0	19.951171875	7.8348068741259125	22.29763436317444
3.2	10.0	0.0	0.0	0.0
3.19	10.0	0.087890625	0.03451456772742693	0.4488530158996582
3.19	6.0	0.439453125	0.17257283863713463	1.010892629623413
3.17	10.0	1.58203125	0.6212622190936846	1.6132464408874512
3.16	14.0	2.8125	1.1044661672776617	2.1902923583984375
3.14	9.0	2.98828125	1.1734953027325155	2.7494547367095947
3.13	13.0	4.21875	1.6566992509164926	3.3244400024414062
3.11	17.0	5.185546875	2.0363594959181888	3.8977930545806885
3.1	5.0	5.888671875	2.3124760377376044	4.477150917053223
3.08	2.0	6.591796875	2.5885925795570195	5.049989461898804
3.07	0.0	7.20703125	2.830194553649008	5.641095876693726
3.07	9.0	7.646484375	3.0027673922861426	6.199718713760376
3.06	10.0	8.0859375	3.175340230923277	6.791346788406372
3.04	12.0	9.4921875	3.727573314562108	7.3652024269104
3.03	9.0	10.1953125	4.0036898563815235	7.940149307250977
3.03	15.0	10.283203125	4.038204424108951	8.514828205108643
3.02	8.0	11.25	4.417864669110647	9.077280521392822
3.01	13.0	11.689453125	4.590437507747781	9.679527997970581
3.01	9.0	12.65625	4.970097752749477	10.240122079849243
3.0	16.0	12.65625	4.970097752749477	10.812969446182251
2.99	13.0	14.150390625	5.556845404115735	11.389507532119751
2.98	18.0	14.853515625	5.832961945935151	11.963354587554932
2.98	13.0	14.853515625	5.832961945935151	12.538334131240845
2.98	19.0	15.732421875	6.17810762320942	13.115452527999878
2.97	10.0	16.435546875	6.454224165028835	13.707428216934204
2.97	1.0	16.435546875	6.454224165028835	14.265940189361572
2.96	7.0	17.9296875	7.040971816395094	14.840895891189575
2.95	5.0	18.017578125	7.07548638412252	15.417845487594604
2.95	15.0	19.51171875	7.662234035488779	15.988643407821655
2.95	12.0	19.51171875	7.662234035488779	16.595778465270996
2.95	15.0	20.56640625	8.076408848217902	17.157044172286987
2.94	10.0	20.7421875	8.145437983672755	17.731369733810425
2.94	2.0	21.005859375	8.248981686855036	18.30655288696289
2.93	10.0	21.09375	8.283496254582463	18.879929065704346
2.93	5.0	21.09375	8.283496254582463	19.456661462783813
2.94	5.0	22.763671875	8.939273041403574	20.031959295272827
3.27	13.0	0.0	0.0	0.0
3.27	11.0	0.0	0.0	0.6371736526489258
3.26	14.0	0.0	0.0	1.2145540714263916
3.25	19.0	0.439453125	0.17257283863713463	1.787795066833496
3.22	10.0	2.021484375	0.7938350577308193	2.3808557987213135
3.18	12.0	3.427734375	1.34606814136965	2.9538400173187256
3.15	4.0	4.482421875	1.7602429540987734	3.530702829360962
3.12	12.0	5.009765625	1.9673303604633348	4.103978872299194
3.09	18.0	5.9765625	2.346990605465031	4.679184675216675
3.07	9.0	6.6796875	2.6231071472844465	5.255744934082031
3.04	5.0	7.91015625	3.1063110954684237	5.831958055496216
3.03	17.0	8.876953125	3.48597134047012	6.403588533401489
3.03	15.0	9.4921875	3.727573314562108	6.978529930114746
3.01	8.0	10.37109375	4.0727189918363775	7.5554399490356445
3.0	1.0	11.07421875	4.348835533655793	8.132407903671265
2.99	8.0	12.041015625	4.728495778657489	8.70653748512268
2.97	10.0	12.65625	4.970097752749477	9.296948194503784
2.96	6.0	12.744140625	5.004612320476904	9.854983568191528
2.96	11.0	12.83203125	5.039126888204332	10.444305896759033
2.96	19.0	13.623046875	5.3497579977511736	11.019049406051636
2.95	5.0	14.150390625	5.556845404115735	11.595959186553955
2.95	11.0	15.732421875	6.17810762320942	12.168900728225708
2.94	15.0	15.732421875	6.17810762320942	12.74417495727539
2.94	8.0	16.611328125	6.52325330048369	13.321189165115356
2.93	3.0	17.138671875	6.730340706848251	13.912556886672974
2.93	13.0	17.9296875	7.040971816395094	14.47296929359436
2.93	13.0	18.017578125	7.07548638412252	15.046693086624146
2.92	7.0	18.720703125	7.351602925941936	15.624916315078735
2.92	8.0	19.86328125	7.800292306398486	16.213029623031616
2.92	3.0	20.0390625	7.869321441853339	16.775012731552124
2.91	4.0	20.126953125	7.9038360095807665	17.347074270248413
2.91	12.0	20.21484375	7.938350577308193	17.922383546829224
2.9	0.0	20.21484375	7.938350577308193	18.49976682662964
2.9	19.0	20.126953125	7.9038360095807665	19.088930130004883
2.9	16.0	20.126953125	7.9038360095807665	19.645134925842285
2.89	2.0	20.126953125	7.9038360095807665	20.22341513633728
2.89	18.0	20.126953125	7.9038360095807665	20.794716119766235
2.88	1.0	20.126953125	7.9038360095807665	21.38948082923889
2.88	16.0	22.5	8.835729338221293	21.976508855819702
2.93	5.0	22.8515625	8.973787609131001	20.60867404937744
2.93	5.0	23.994140625	9.422476989587551	21.182295560836792
2.92	9.0	24.08203125	9.456991557314979	21.75869917869568
