U (V)	F (N)	pos(deg)	elongation (mm)	t (s)
3.12	-0.03143608	0.0	0.0	0.0
3.12	-0.04547003	0.087890625	0.03451456772742693	0.1110231876373291
3.12	-0.10851968	0.263671875	0.10354370318228079	0.22216176986694336
3.12	-0.19943084	0.3515625	0.1380582709097077	0.3308272361755371
3.12	-0.25231637	0.52734375	0.20708740636456158	0.44148755073547363
3.12	-0.33481731	0.703125	0.2761165418194154	0.5511569976806641
3.12	-0.46230988	1.142578125	0.44868938045655005	0.6389858722686768
3.12	-0.58815097	1.23046875	0.483203948183977	0.7511491775512695
3.12	-0.67400579	1.845703125	0.7248059222759655	0.8602700233459473
3.12	-0.79922819	2.109375	0.8283496254582463	0.9698822498321533
3.11	-0.97465267	2.724609375	1.0699515995502347	1.0822815895080566
3.11	-1.08898818	3.515625	1.380582709097077	1.1911523342132568
3.11	-1.06453192	3.515625	1.380582709097077	1.3004634380340576
3.11	-1.21818327	4.833984375	1.898301225008481	1.4104723930358887
3.11	-1.34232187	5.009765625	1.9673303604633348	1.5210776329040527
3.11	-1.37080252	5.009765625	1.9673303604633348	1.632800817489624
3.1	-1.5451951	5.80078125	2.277961470010177	1.7425713539123535
3.09	-1.78274059	6.240234375	2.450534308647312	1.8515715599060059
3.09	-1.87334213	6.328125	2.4850488763747385	1.9617831707000732
3.09	-1.91957178	6.416015625	2.519563444102166	2.071796178817749
3.07	-2.16537237	7.294921875	2.864709121376435	2.18204665184021
3.07	-2.46302676	7.998046875	3.14082566319585	2.294248580932617
3.06	-2.59898066	7.998046875	3.14082566319585	2.402773141860962
3.05	-2.58288288	8.0859375	3.175340230923277	2.5126030445098877
3.05	-2.43789982	8.0859375	3.175340230923277	2.62469744682312
3.05	-2.3366177	7.998046875	3.14082566319585	2.733330011367798
3.04	-2.23368477	7.998046875	3.14082566319585	2.8437490463256836
3.04	-2.05877637	7.998046875	3.14082566319585	2.955244779586792
3.04	-2.10970091	7.998046875	3.14082566319585	3.1755077838897705
3.03	-2.70609283	9.228515625	3.624029611379827	3.3078386783599854
3.03	-2.91190719	9.31640625	3.6585441791072544	3.4164819717407227
3.02	-2.87114696	9.31640625	3.6585441791072544	3.527271032333374
3.02	-2.85571975	9.31640625	3.6585441791072544	3.6363725662231445
3.02	-2.85907344	9.31640625	3.6585441791072544	3.746837615966797
3.02	-2.85783529	9.31640625	3.6585441791072544	3.8589632511138916
3.01	-2.84282093	9.31640625	3.6585441791072544	3.969308376312256
3.01	-2.85577125	9.31640625	3.6585441791072544	4.079278945922852
3.01	-2.82465915	9.404296875	3.6930587468346814	4.188095569610596
3.01	-2.7673881	9.4921875	3.727573314562108	4.29981255531311
3.0	-2.7738378	9.4921875	3.727573314562108	4.431638956069946
3.01	-2.78998684	9.4921875	3.727573314562108	4.541133403778076
3.0	-3.06225633	9.931640625	3.900146153199243	4.65263557434082
2.98	-3.85914821	12.216796875	4.797524914112342	4.762471914291382
2.98	-4.14545154	12.216796875	4.797524914112342	4.870956659317017
2.97	-4.06821298	12.216796875	4.797524914112342	4.98136043548584
2.97	-3.99675321	12.3046875	4.83203948183977	5.091695785522461
2.96	-3.87106657	12.3046875	4.83203948183977	5.2017295360565186
2.96	-3.82205085	12.3046875	4.83203948183977	5.316548109054565
3.16	-0.07911026	0.0	0.0	0.0
3.16	-0.0820514	0.0	0.0	0.11168813705444336
3.16	-0.14835137	0.3515625	0.1380582709097077	0.22139930725097656
3.16	-0.21253609	1.23046875	0.483203948183977	0.44170236587524414
3.16	-0.26712408	1.7578125	0.6902913545485385	0.5507378578186035
3.16	-0.29617252	1.845703125	0.7248059222759655	0.6611213684082031
3.15	-0.33167018	2.4609375	0.966407896367954	0.7727797031402588
3.15	-0.35246295	2.8125	1.1044661672776617	0.8828938007354736
3.15	-0.41468706	3.427734375	1.34606814136965	0.9913179874420166
3.15	-0.50822978	3.603515625	1.415097276824504	1.1016433238983154
3.14	-0.59800586	3.955078125	1.5531555477342118	1.212104320526123
3.14	-0.60342321	3.955078125	1.5531555477342118	1.321920394897461
3.14	-0.60166893	3.955078125	1.5531555477342118	1.4324140548706055
3.14	-0.62488694	4.04296875	1.5876701154616386	1.5218408107757568
3.13	-0.77255306	4.130859375	1.6221846831890656	1.6309821605682373
3.12	-1.24129796	5.009765625	1.9673303604633348	1.740309238433838
3.11	-1.50427999	5.2734375	2.0708740636456158	1.8750579357147217
3.11	-1.50546669	5.2734375	2.0708740636456158	1.9837334156036377
3.1	-1.50649857	5.361328125	2.1053886313730423	2.0928683280944824
3.1	-1.51083254	5.361328125	2.1053886313730423	2.2258353233337402
3.09	-1.52073884	5.361328125	2.1053886313730423	2.445747137069702
3.07	-1.98169269	6.943359375	2.7266508504667275	2.5559232234954834
3.06	-2.35993885	6.943359375	2.7266508504667275	2.6669392585754395
3.06	-2.28945946	6.943359375	2.7266508504667275	2.778002977371216
3.05	-2.25411653	6.943359375	2.7266508504667275	2.997659683227539
3.04	-2.36876153	7.03125	2.761165418194154	3.107304334640503
3.03	-2.70454478	8.4375	3.3133985018329852	3.217115640640259
3.02	-2.82264709	8.4375	3.3133985018329852	3.3285019397735596
3.02	-2.81428861	8.4375	3.3133985018329852	3.4392924308776855
3.01	-2.74303507	8.525390625	3.347913069560412	3.65816068649292
3.0	-2.75139355	8.525390625	3.347913069560412	3.7700467109680176
3.0	-2.73844337	8.525390625	3.347913069560412	3.8799774646759033
3.0	-2.71047854	8.525390625	3.347913069560412	3.9882750511169434
3.0	-2.71574139	8.525390625	3.347913069560412	4.100371599197388
2.98	-3.15822386	10.1953125	4.0036898563815235	4.21142840385437
2.97	-3.76911401	10.634765625	4.176262695018658	4.321206569671631
2.97	-3.80063896	10.634765625	4.176262695018658	4.431335687637329
2.96	-3.78985548	10.634765625	4.176262695018658	4.541429042816162
2.95	-3.42765522	10.72265625	4.210777262746085	4.869990825653076
2.95	-3.42430162	10.72265625	4.210777262746085	4.978394031524658
2.95	-3.4007225	10.72265625	4.210777262746085	5.088764667510986
2.95	-3.44499135	10.72265625	4.210777262746085	5.2009782791137695
2.95	-3.47615504	10.72265625	4.210777262746085	5.309232234954834
3.12	-0.08932793	0.0	0.0	0.0
3.13	-0.15279033	0.17578125	0.06902913545485385	0.11051464080810547
3.12	-0.31614155	0.52734375	0.20708740636456158	0.22098827362060547
3.12	-0.43434648	0.615234375	0.2416019740919885	0.3323698043823242
3.12	-0.53996257	1.318359375	0.5177185159114039	0.44164609909057617
3.11	-0.78070693	1.58203125	0.6212622190936846	0.6403672695159912
3.11	-0.92192373	2.197265625	0.8628641931856732	0.7497506141662598
3.1	-1.12035977	2.8125	1.1044661672776617	0.8616156578063965
3.1	-1.20621466	2.98828125	1.1734953027325155	0.972557783126831
3.09	-1.14043045	3.33984375	1.3115535736422232	1.0806488990783691
3.09	-1.25254738	5.09765625	2.0018449281907618	1.2143347263336182
3.08	-1.67382421	5.009765625	1.9673303604633348	1.4330353736877441
3.07	-1.70472979	5.09765625	2.0018449281907618	1.5432493686676025
3.07	-1.60076498	5.09765625	2.0018449281907618	1.654320478439331
3.06	-1.82701101	5.9765625	2.346990605465031	1.7640013694763184
3.05	-2.17192673	6.6796875	2.6231071472844465	1.8740575313568115
3.04	-2.25365376	6.6796875	2.6231071472844465	1.9839608669281006
3.04	-2.25984525	6.767578125	2.6576217150118735	2.0945208072662354
3.03	-2.39837932	7.55859375	2.9682528245587156	2.2066731452941895
3.03	-2.47350215	7.55859375	2.9682528245587156	2.314938545227051
3.03	-2.4570949	7.55859375	2.9682528245587156	2.4273712635040283
3.01	-2.85128402	8.26171875	3.2443693663781312	2.6451592445373535
3.01	-2.81944961	8.26171875	3.2443693663781312	2.757404327392578
3.0	-2.93615865	8.349609375	3.2788839341055582	2.867936134338379
2.99	-3.3218863	9.580078125	3.762087882289535	2.977796792984009
2.98	-3.49194478	9.580078125	3.762087882289535	3.086101531982422
2.98	-3.37611293	9.66796875	3.796602450016962	3.1981818675994873
2.97	-3.24929141	9.66796875	3.796602450016962	3.307142734527588
2.97	-3.230201	9.66796875	3.796602450016962	3.4165947437286377
2.97	-3.25326418	9.66796875	3.796602450016962	3.549551486968994
2.97	-3.28597569	9.66796875	3.796602450016962	3.6596357822418213
2.96	-3.71174168	11.07421875	4.348835533655793	3.881430149078369
2.95	-3.8586338	11.162109375	4.383350101383219	4.1001877784729
2.95	-3.84470291	11.162109375	4.383350101383219	4.2115325927734375
2.94	-3.82432289	11.162109375	4.383350101383219	4.320610046386719
2.94	-3.79615163	11.162109375	4.383350101383219	4.430678844451904
2.94	-3.74115109	11.162109375	4.383350101383219	4.540956497192383
2.93	-3.68052625	11.25	4.417864669110647	4.653338432312012
2.94	-3.64931082	11.25	4.417864669110647	4.763040065765381
2.93	-4.04303598	12.568359375	4.93558318502205	4.872979164123535
2.92	-4.2695918	12.65625	4.970097752749477	4.981567621231079
2.92	-4.22243356	12.65625	4.970097752749477	5.0934953689575195
2.92	-4.23724126	12.65625	4.970097752749477	5.2028138637542725
